        21     49661
        55     49695
        89     49729
       123     49763
       157     49797
       191     49831
       225     49865
       259     49899
       293     49933
       327     49967
       361     50001
       395     50035
       429     50069
       463     50103
       497     50137
       531     50171
       565     50205
       599     50239
       633     50273
       667     50307
       701     50341
       735     50375
       769     50409
       803     50443
       837     50477
       871     50511
       905     50545
       939     50579
       973     50613
      1007     50647
      1041     50681
      1075     50715
      1109     50749
      1143     50783
      1177     50817
      1211     50851
      1245     50885
      1279     50919
      1313     50953
      1347     50987
      1381     51021
      1415     51055
      1449     51089
      1483     51123
      1517     51157
      1551     51191
      1585     51225
      1619     51259
      1653     51293
      1687     51327
      1721     51361
      1755     51395
      1789     51429
      1823     51463
      1857     51497
      1891     51531
      1925     51565
      1959     51599
      1993     51633
      2027     51667
      2061     51701
      2095     51735
      2129     51769
      2163     51803
      2197     51837
      2231     51871
      2265     51905
      2299     51939
      2333     51973
      2367     52007
      2401     52041
      2435     52075
      2469     52109
      2503     52143
      2537     52177
      2571     52211
      2605     52245
      2639     52279
      2673     52313
      2707     52347
      2741     52381
      2775     52415
      2809     52449
      2843     52483
      2877     52517
      2911     52551
      2945     52585
      2979     52619
      3013     52653
      3047     52687
      3081     52721
      3115     52755
      3149     52789
      3183     52823
      3217     52857
      3251     52891
      3285     52925
      3319     52959
      3353     52993
      3387     53027
      3421     53061
      3455     53095
      3489     53129
      3523     53163
      3557     53197
      3591     53231
      3625     53265
      3659     53299
      3693     53333
      3727     53367
      3761     53401
      3795     53435
      3829     53469
      3863     53503
      3897     53537
      3931     53571
      3965     53605
      3999     53639
      4033     53673
      4067     53707
      4101     53741
      4135     53775
      4169     53809
      4203     53843
      4237     53877
      4271     53911
      4305     53945
      4339     53979
      4373     54013
      4407     54047
      4441     54081
      4475     54115
      4509     54149
      4543     54183
      4577     54217
      4611     54251
      4645     54285
      4679     54319
      4713     54353
      4747     54387
      4781     54421
      4815     54455
      4849     54489
      4883     54523
      4917     54557
      4951     54591
      4985     54625
      5019     54659
      5053     54693
      5087     54727
      5121     54761
      5155     54795
      5189     54829
      5223     54863
      5257     54897
      5291     54931
      5325     54965
      5359     54999
      5393     55033
      5427     55067
      5461     55101
      5495     55135
      5529     55169
      5563     55203
      5597     55237
      5631     55271
      5665     55305
      5699     55339
      5733     55373
      5767     55407
      5801     55441
      5835     55475
      5869     55509
      5903     55543
      5937     55577
      5971     55611
      6005     55645
      6039     55679
      6073     55713
      6107     55747
      6141     55781
      6175     55815
      6209     55849
      6243     55883
      6277     55917
      6311     55951
      6345     55985
      6379     56019
      6413     56053
      6447     56087
      6481     56121
      6515     56155
      6549     56189
      6583     56223
      6617     56257
      6651     56291
      6685     56325
      6719     56359
      6753     56393
      6787     56427
      6821     56461
      6855     56495
      6889     56529
      6923     56563
      6957     56597
      6991     56631
      7025     56665
      7059     56699
      7093     56733
      7127     56767
      7161     56801
      7195     56835
      7229     56869
      7263     56903
      7297     56937
      7331     56971
      7365     57005
      7399     57039
      7433     57073
      7467     57107
      7501     57141
      7535     57175
      7569     57209
      7603     57243
      7637     57277
      7671     57311
      7705     57345
      7739     57379
      7773     57413
      7807     57447
      7841     57481
      7875     57515
      7909     57549
      7943     57583
      7977     57617
      8011     57651
         0     57685
         0     57719
         0     57753
         0     57787
      8045     57821
      8079     57855
      8113     57889
      8147     57923
      8181     57957
      8215     57991
      8249     58025
      8283     58059
      8317     58093
      8351     58127
      8385     58161
      8419     58195
      8453     58229
      8487     58263
      8521     58297
      8555     58331
      8589     58365
      8623     58399
      8657     58433
      8691     58467
      8725     58501
      8759     58535
      8793     58569
      8827     58603
      8861     58637
      8895     58671
      8929     58705
      8963     58739
      8997     58773
      9031     58807
      9065     58841
      9099     58875
      9133     58909
      9167     58943
      9201     58977
      9235     59011
      9269     59045
      9303     59079
      9337     59113
      9371     59147
      9405     59181
      9439     59215
      9473     59249
      9507     59283
      9541     59317
      9575     59351
      9609     59385
      9643     59419
      9677     59453
      9711     59487
      9745     59521
      9779     59555
      9813     59589
      9847     59623
      9881     59657
      9915     59691
      9949     59725
      9983     59759
     10017     59793
     10051     59827
     10085     59861
     10119     59895
     10153     59929
     10187     59963
     10221     59997
     10255     60031
     10289     60065
     10323     60099
     10357     60133
     10391     60167
     10425     60201
     10459     60235
     10493     60269
     10527     60303
     10561     60337
     10595     60371
     10629     60405
     10663     60439
     10697     60473
     10731     60507
     10765     60541
     10799     60575
     10833     60609
     10867     60643
     10901     60677
     10935     60711
     10969     60745
     11003     60779
     11037     60813
     11071     60847
     11105     60881
     11139     60915
     11173     60949
     11207     60983
     11241     61017
     11275     61051
     11309     61085
     11343     61119
     11377     61153
     11411     61187
     11445     61221
     11479     61255
     11513     61289
     11547     61323
     11581     61357
     11615     61391
     11649     61425
     11683     61459
     11717     61493
     11751     61527
     11785     61561
     11819     61595
     11853     61629
     11887     61663
     11921     61697
     11955     61731
     11989     61765
     12023     61799
     12057     61833
     12091     61867
     12125     61901
     12159     61935
     12193     61969
     12227     62003
     12261     62037
     12295     62071
     12329     62105
     12363     62139
     12397     62173
     12431     62207
     12465     62241
     12499     62275
     12533     62309
     12567     62343
     12601     62377
     12635     62411
     12669     62445
     12703     62479
     12737     62513
     12771     62547
     12805     62581
     12839     62615
     12873     62649
     12907     62683
     12941     62717
     12975     62751
     13009     62785
     13043     62819
     13077     62853
     13111     62887
     13145     62921
     13179     62955
     13213     62989
     13247     63023
     13281     63057
     13315     63091
     13349     63125
     13383     63159
     13417     63193
     13451     63227
     13485     63261
     13519     63295
     13553     63329
     13587     63363
     13621     63397
     13655     63431
     13689     63465
     13723     63499
     13757     63533
     13791     63567
     13825     63601
     13859     63635
     13893     63669
     13927     63703
     13961     63737
     13995     63771
     14029     63805
     14063     63839
     14097     63873
     14131     63907
     14165     63941
     14199     63975
     14233     64009
     14267     64043
     14301     64077
     14335     64111
     14369     64145
     14403     64179
     14437     64213
     14471     64247
     14505     64281
     14539     64315
     14573     64349
     14607     64383
     14641     64417
     14675     64451
     14709     64485
     14743     64519
     14777     64553
     14811     64587
     14845     64621
     14879     64655
     14913     64689
     14947     64723
     14981     64757
     15015     64791
     15049     64825
     15083     64859
     15117     64893
     15151     64927
     15185     64961
     15219     64995
     15253     65029
     15287     65063
     15321     65097
     15355     65131
     15389     65165
     15423     65199
     15457     65233
     15491     65267
     15525     65301
     15559     65335
     15593     65369
     15627     65403
     15661     65437
     15695     65471
     15729     65505
     15763     65539
     15797     65573
     15831     65607
     15865     65641
     15899     65675
     15933     65709
     15967     65743
     16001     65777
     16035     65811
     16069     65845
     16103     65879
     16137     65913
     16171     65947
     16205     65981
     16239     66015
     16273     66049
     16307     66083
     16341     66117
     16375     66151
     16409     66185
     16443     66219
     16477     66253
     16511     66287
     16545     66321
     16579     66355
     16613     66389
     16647     66423
     16681     66457
     16715     66491
     16749     66525
     16783     66559
     16817     66593
     16851     66627
     16885     66661
     16919     66695
     16953     66729
     16987     66763
     17021     66797
     17055     66831
     17089     66865
     17123     66899
     17157     66933
     17191     66967
     17225     67001
     17259     67035
     17293     67069
     17327     67103
     17361     67137
     17395     67171
     17429     67205
     17463     67239
     17497     67273
     17531     67307
     17565     67341
     17599     67375
     17633     67409
     17667     67443
     17701     67477
     17735     67511
     17769     67545
     17803     67579
     17837     67613
     17871     67647
     17905     67681
     17939     67715
     17973     67749
     18007     67783
     18041     67817
     18075     67851
     18109     67885
     18143     67919
     18177     67953
     18211     67987
     18245     68021
     18279     68055
     18313     68089
     18347     68123
     18381     68157
     18415     68191
     18449     68225
     18483     68259
     18517     68293
     18551     68327
     18585     68361
     18619     68395
     18653     68429
     18687     68463
     18721     68497
     18755     68531
     18789     68565
     18823     68599
     18857     68633
     18891     68667
     18925     68701
     18959     68735
     18993     68769
     19027     68803
     19061     68837
     19095     68871
     19129     68905
     19163     68939
     19197     68973
     19231     69007
     19265     69041
     19299     69075
     19333     69109
     19367     69143
     19401     69177
     19435     69211
     19469     69245
     19503     69279
     19537     69313
     19571     69347
     19605     69381
     19639     69415
     19673     69449
     19707     69483
     19741     69517
     19775     69551
     19809     69585
     19843     69619
     19877     69653
     19911     69687
     19945     69721
     19979     69755
     20013     69789
     20047     69823
     20081     69857
     20115     69891
     20149     69925
     20183     69959
     20217     69993
     20251     70027
     20285     70061
     20319     70095
     20353     70129
     20387     70163
     20421     70197
     20455     70231
     20489     70265
     20523     70299
     20557     70333
     20591     70367
     20625     70401
     20659     70435
     20693     70469
     20727     70503
     20761     70537
     20795     70571
     20829     70605
     20863     70639
     20897     70673
     20931     70707
     20965     70741
     20999     70775
     21033     70809
     21067     70843
     21101     70877
     21135     70911
     21169     70945
     21203     70979
     21237     71013
     21271     71047
     21305     71081
     21339     71115
     21373     71149
     21407     71183
     21441     71217
     21475     71251
     21509     71285
     21543     71319
     21577     71353
     21611     71387
     21645     71421
     21679     71455
     21713     71489
     21747     71523
     21781     71557
     21815     71591
     21849     71625
     21883     71659
     21917     71693
     21951     71727
     21985     71761
     22019     71795
     22053     71829
     22087     71863
     22121     71897
     22155     71931
     22189     71965
     22223     71999
     22257     72033
     22291     72067
     22325     72101
     22359     72135
     22393     72169
     22427     72203
     22461     72237
     22495     72271
     22529     72305
     22563     72339
     22597     72373
     22631     72407
     22665     72441
     22699     72475
     22733     72509
     22767     72543
     22801     72577
     22835     72611
     22869     72645
     22903     72679
     22937     72713
     22971     72747
     23005     72781
     23039     72815
     23073     72849
     23107     72883
     23141     72917
     23175     72951
     23209     72985
     23243     73019
     23277     73053
     23311     73087
     23345     73121
     23379     73155
     23413     73189
     23447     73223
     23481     73257
     23515     73291
     23549     73325
     23583     73359
     23617     73393
     23651     73427
     23685     73461
     23719     73495
     23753     73529
     23787     73563
     23821     73597
     23855     73631
     23889     73665
     23923     73699
     23957     73733
     23991     73767
     24025     73801
     24059     73835
     24093     73869
     24127     73903
     24161     73937
     24195     73971
     24229     74005
     24263     74039
     24297     74073
     24331     74107
     24365     74141
     24399     74175
     24433     74209
     24467     74243
     24501     74277
     24535     74311
     24569     74345
     24603     74379
     24637     74413
     24671     74447
     24705     74481
     24739     74515
     24773     74549
     24807     74583
     24841     74617
     24875     74651
     24909     74685
     24943     74719
     24977     74753
     25011     74787
     25045     74821
     25079     74855
     25113     74889
     25147     74923
     25181     74957
     25215     74991
     25249     75025
     25283     75059
     25317     75093
     25351     75127
     25385     75161
     25419     75195
     25453     75229
     25487     75263
     25521     75297
     25555     75331
     25589     75365
     25623     75399
     25657     75433
     25691     75467
     25725     75501
     25759     75535
     25793     75569
     25827     75603
     25861     75637
     25895     75671
     25929     75705
     25963     75739
     25997     75773
     26031     75807
     26065     75841
     26099     75875
     26133     75909
     26167     75943
     26201     75977
     26235     76011
     26269     76045
     26303     76079
     26337     76113
     26371     76147
     26405     76181
     26439     76215
     26473     76249
     26507     76283
     26541     76317
     26575     76351
     26609     76385
     26643     76419
     26677     76453
     26711     76487
     26745     76521
     26779     76555
     26813     76589
     26847     76623
     26881     76657
     26915     76691
     26949     76725
     26983     76759
     27017     76793
     27051     76827
     27085     76861
     27119     76895
     27153     76929
     27187     76963
     27221     76997
     27255     77031
     27289     77065
     27323     77099
     27357     77133
     27391     77167
     27425     77201
     27459     77235
     27493     77269
     27527     77303
     27561     77337
     27595     77371
     27629     77405
     27663     77439
     27697     77473
     27731     77507
     27765     77541
     27799     77575
     27833     77609
     27867     77643
     27901     77677
     27935     77711
     27969     77745
     28003     77779
     28037     77813
     28071     77847
     28105     77881
     28139     77915
     28173     77949
     28207     77983
     28241     78017
     28275     78051
     28309     78085
     28343     78119
     28377     78153
     28411     78187
     28445     78221
     28479     78255
     28513     78289
     28547     78323
     28581     78357
     28615     78391
     28649     78425
     28683     78459
     28717     78493
     28751     78527
     28785     78561
     28819     78595
     28853     78629
     28887     78663
     28921     78697
     28955     78731
     28989     78765
     29023     78799
     29057     78833
     29091     78867
     29125     78901
     29159     78935
     29193     78969
     29227     79003
     29261     79037
     29295     79071
     29329     79105
     29363     79139
     29397     79173
     29431     79207
     29465     79241
     29499     79275
     29533     79309
     29567     79343
     29601     79377
     29635     79411
     29669     79445
     29703     79479
     29737     79513
     29771     79547
     29805     79581
     29839     79615
     29873     79649
     29907     79683
     29941     79717
     29975     79751
     30009     79785
     30043     79819
     30077     79853
     30111     79887
     30145     79921
     30179     79955
     30213     79989
     30247     80023
     30281     80057
     30315     80091
     30349     80125
     30383     80159
     30417     80193
     30451     80227
     30485     80261
     30519     80295
     30553     80329
     30587     80363
     30621     80397
     30655     80431
     30689     80465
     30723     80499
     30757     80533
     30791     80567
     30825     80601
     30859     80635
     30893     80669
     30927     80703
     30961     80737
     30995     80771
     31029     80805
     31063     80839
     31097     80873
     31131     80907
     31165     80941
     31199     80975
     31233     81009
     31267     81043
     31301     81077
     31335     81111
     31369     81145
     31403     81179
     31437     81213
     31471     81247
     31505     81281
     31539     81315
     31573     81349
     31607     81383
     31641     81417
     31675     81451
     31709     81485
     31743     81519
     31777     81553
     31811     81587
     31845     81621
     31879     81655
     31913     81689
     31947     81723
     31981     81757
     32015     81791
     32049     81825
     32083     81859
     32117     81893
     32151     81927
     32185     81961
     32219     81995
     32253     82029
     32287     82063
     32321     82097
     32355     82131
     32389     82165
     32423     82199
     32457     82233
     32491     82267
     32525     82301
     32559     82335
     32593     82369
     32627     82403
     32661     82437
     32695     82471
     32729     82505
     32763     82539
     32797     82573
     32831     82607
     32865     82641
     32899     82675
     32933     82709
     32967     82743
     33001     82777
     33035     82811
     33069     82845
     33103     82879
     33137     82913
     33171     82947
     33205     82981
     33239     83015
     33273     83049
     33307     83083
     33341     83117
     33375     83151
     33409     83185
     33443     83219
     33477     83253
     33511     83287
     33545     83321
     33579     83355
     33613     83389
     33647     83423
     33681     83457
     33715     83491
     33749     83525
     33783     83559
     33817     83593
     33851     83627
     33885     83661
     33919     83695
     33953     83729
     33987     83763
     34021     83797
     34055     83831
     34089     83865
     34123     83899
     34157     83933
     34191     83967
     34225     84001
     34259     84035
     34293     84069
     34327     84103
     34361     84137
     34395     84171
     34429     84205
     34463     84239
     34497     84273
     34531     84307
     34565     84341
     34599     84375
     34633     84409
     34667     84443
     34701     84477
     34735     84511
     34769     84545
     34803     84579
     34837     84613
     34871     84647
     34905     84681
     34939     84715
     34973     84749
     35007     84783
     35041     84817
     35075     84851
     35109     84885
     35143     84919
     35177     84953
     35211     84987
     35245     85021
     35279     85055
     35313     85089
     35347     85123
     35381     85157
     35415     85191
     35449     85225
     35483     85259
     35517     85293
     35551     85327
     35585     85361
     35619     85395
     35653     85429
     35687     85463
     35721     85497
     35755     85531
     35789     85565
     35823     85599
     35857     85633
     35891     85667
     35925     85701
     35959     85735
     35993     85769
     36027     85803
     36061     85837
     36095     85871
     36129     85905
     36163     85939
     36197     85973
     36231     86007
     36265     86041
     36299     86075
     36333     86109
     36367     86143
     36401     86177
     36435     86211
     36469     86245
     36503     86279
     36537     86313
     36571     86347
     36605     86381
     36639     86415
     36673     86449
     36707     86483
     36741     86517
     36775     86551
     36809     86585
     36843     86619
     36877     86653
     36911     86687
     36945     86721
     36979     86755
     37013     86789
     37047     86823
     37081     86857
     37115     86891
     37149     86925
     37183     86959
     37217     86993
     37251     87027
     37285     87061
     37319     87095
     37353     87129
     37387     87163
     37421     87197
     37455     87231
     37489     87265
     37523     87299
     37557     87333
     37591     87367
     37625     87401
     37659     87435
     37693     87469
     37727     87503
     37761     87537
     37795     87571
     37829     87605
     37863     87639
     37897     87673
     37931     87707
     37965     87741
     37999     87775
     38033     87809
     38067     87843
     38101     87877
     38135     87911
     38169     87945
     38203     87979
     38237     88013
     38271     88047
     38305     88081
     38339     88115
     38373     88149
     38407     88183
     38441     88217
     38475     88251
     38509     88285
     38543     88319
     38577     88353
     38611     88387
     38645     88421
     38679     88455
     38713     88489
     38747     88523
     38781     88557
     38815     88591
     38849     88625
     38883     88659
     38917     88693
     38951     88727
     38985     88761
     39019     88795
     39053     88829
     39087     88863
     39121     88897
     39155     88931
     39189     88965
     39223     88999
     39257     89033
     39291     89067
     39325     89101
     39359     89135
     39393     89169
     39427     89203
     39461     89237
     39495     89271
     39529     89305
     39563     89339
     39597     89373
     39631     89407
     39665     89441
     39699     89475
     39733     89509
     39767     89543
     39801     89577
     39835     89611
     39869     89645
     39903     89679
     39937     89713
     39971     89747
     40005     89781
     40039     89815
     40073     89849
     40107     89883
     40141     89917
     40175     89951
     40209     89985
     40243     90019
     40277     90053
     40311     90087
     40345     90121
     40379     90155
     40413     90189
     40447     90223
     40481     90257
     40515     90291
     40549     90325
     40583     90359
     40617     90393
     40651     90427
     40685     90461
     40719     90495
     40753     90529
     40787     90563
     40821     90597
     40855     90631
     40889     90665
     40923     90699
     40957     90733
     40991     90767
     41025     90801
     41059     90835
     41093     90869
     41127     90903
     41161     90937
     41195     90971
     41229     91005
     41263     91039
     41297     91073
     41331     91107
     41365     91141
     41399     91175
     41433     91209
     41467     91243
     41501     91277
     41535     91311
     41569     91345
     41603     91379
     41637     91413
     41671     91447
     41705     91481
     41739     91515
     41773     91549
     41807     91583
     41841     91617
     41875     91651
     41909     91685
     41943     91719
     41977     91753
     42011     91787
     42045     91821
     42079     91855
     42113     91889
     42147     91923
     42181     91957
     42215     91991
     42249     92025
     42283     92059
     42317     92093
     42351     92127
     42385     92161
     42419     92195
     42453     92229
     42487     92263
     42521     92297
     42555     92331
     42589     92365
     42623     92399
     42657     92433
     42691     92467
     42725     92501
     42759     92535
     42793     92569
     42827     92603
     42861     92637
     42895     92671
     42929     92705
     42963     92739
     42997     92773
     43031     92807
     43065     92841
     43099     92875
     43133     92909
     43167     92943
     43201     92977
     43235     93011
     43269     93045
     43303     93079
     43337     93113
     43371     93147
     43405     93181
     43439     93215
     43473     93249
     43507     93283
     43541     93317
     43575     93351
     43609     93385
     43643     93419
     43677     93453
     43711     93487
     43745     93521
     43779     93555
     43813     93589
     43847     93623
     43881     93657
     43915     93691
     43949     93725
     43983     93759
     44017     93793
     44051     93827
     44085     93861
     44119     93895
     44153     93929
     44187     93963
     44221     93997
     44255     94031
     44289     94065
     44323     94099
     44357     94133
     44391     94167
     44425     94201
     44459     94235
     44493     94269
     44527     94303
     44561     94337
     44595     94371
     44629     94405
     44663     94439
     44697     94473
     44731     94507
     44765     94541
     44799     94575
     44833     94609
     44867     94643
     44901     94677
     44935     94711
     44969     94745
     45003     94779
     45037     94813
     45071     94847
     45105     94881
     45139     94915
     45173     94949
     45207     94983
     45241     95017
     45275     95051
     45309     95085
     45343     95119
     45377     95153
     45411     95187
     45445     95221
     45479     95255
     45513     95289
     45547     95323
     45581     95357
     45615     95391
     45649     95425
     45683     95459
     45717     95493
     45751     95527
     45785     95561
     45819     95595
     45853     95629
     45887     95663
     45921     95697
     45955     95731
     45989     95765
     46023     95799
     46057     95833
     46091     95867
     46125     95901
     46159     95935
     46193     95969
     46227     96003
     46261     96037
     46295     96071
     46329     96105
     46363     96139
     46397     96173
     46431     96207
     46465     96241
     46499     96275
     46533     96309
     46567     96343
     46601     96377
     46635     96411
     46669     96445
     46703     96479
     46737     96513
     46771     96547
     46805     96581
     46839     96615
     46873     96649
     46907     96683
     46941     96717
     46975     96751
     47009     96785
     47043     96819
     47077     96853
     47111     96887
     47145     96921
     47179     96955
     47213     96989
     47247     97023
     47281     97057
     47315     97091
     47349     97125
     47383     97159
     47417     97193
     47451     97227
     47485     97261
     47519     97295
     47553     97329
     47587     97363
     47621     97397
     47655     97431
     47689     97465
     47723     97499
     47757     97533
     47791     97567
     47825     97601
     47859     97635
     47893     97669
     47927     97703
     47961     97737
     47995     97771
     48029     97805
     48063     97839
     48097     97873
     48131     97907
     48165     97941
     48199     97975
     48233     98009
     48267     98043
     48301     98077
     48335     98111
     48369     98145
     48403     98179
     48437     98213
     48471     98247
     48505     98281
     48539     98315
     48573     98349
     48607     98383
     48641     98417
     48675     98451
     48709     98485
     48743     98519
     48777     98553
     48811     98587
     48845     98621
     48879     98655
     48913     98689
     48947     98723
     48981     98757
     49015     98791
     49049     98825
     49083     98859
     49117     98893
     49151     98927
     49185     98961
     49219     98995
     49253     99029
     49287     99063
     49321     99097
     49355     99131
     49389     99165
     49423     99199
     49457     99233
     49491     99267
     49525     99301
     49559     99335
     49593     99369
     49627     99403
